1.605314120456372118e+00
5.271689062078754873e-01
1.100081448765423131e+00
1.233769578549115620e+00
4.142200233440096468e-01
1.549037808555426610e+00
7.748243346373977491e-01
6.849338711318477824e-01
1.061477596835322945e-01
3.855419307258081130e-01
1.792397681868290737e+00
1.528462935835715575e+00
1.531316317291198104e-02
1.989906773408822716e-01
1.543057398006973280e+00
2.076102424073476005e-01
1.388151718174543525e+00
1.883464899356407152e+00
3.627225307926029707e-02
7.838756546428464755e-01
1.869987658492349158e-01
6.327011162429929669e-01
1.249010525869703736e+00
6.934664288734455617e-01
1.037523783060536609e-01
1.932373837460886534e+00
1.489300624093790715e+00
1.545537721490390703e+00
1.988051046929617982e+00
7.986466796416660241e-01
1.092657110555205202e+00
1.895941158081932532e+00
