4.218629369252937522e-01
8.067749323106316872e-01
6.635111488432605675e-01
1.657047719391283147e+00
1.621059285125050931e+00
9.066905570672938453e-01
5.423016710548891339e-01
4.000677328587991521e-01
1.346862249085843954e+00
9.241147793654680420e-01
4.911464512931926762e-01
1.378137002293860602e+00
1.251146381343792635e+00
3.143678860131668973e-01
4.807830414774312278e-01
3.743227483236317710e-01
1.025932132505466887e+00
1.632702098079853004e+00
1.901915253082364421e+00
1.244046433294891951e-01
1.769283483736988849e+00
1.004614738416002684e+00
6.226106865163298920e-01
1.765827280058420046e+00
3.788864656946142606e-01
1.539219428892855790e+00
6.970301151532949380e-01
2.796754391418465602e-02
1.411931455715978556e+00
1.324353083265805253e+00
3.558744389153014609e-01
3.076394652670524366e-01
